3
8
4
7
3
6
2
4
1
5
3
7
7
3
4
6
4
-6
7
3
5
7
8
9
7
8
9
5
7
-7
4
6
7
4
5
3
8
4
7
7
3
4
6
4
6
7
3
5
7
8
9
5
7
3
4
6
7
4
5
3
8
4
7
1
6
2
4
9
7
3
5
7
8
9
5
7
3
4
6
7
4
5
3
8
4
7
3
6
2
4
9
5
3
7
7
3
4
6
4
6
7
3
5
7
8
9
5
7
3
4
6
7
4
5
3
8
4
7
3
-9
2
4
9
5
3
7
9
8
3
8
4
7
3
6
2
4
9
5
3
7
7
3
4
6
4
6
7
3
5
7
8
9
7
8
9
5
7
3
4
6
7
4
5
3
8
4
7
7
3
4
6
4
6
7
3
5
7
8
9
5
7
3
4
6
7
4
5
3
8
4
7
3
6
2
4
9
7
3
5
7
8
9
5
7
3
4
6
7
4
5
3
8
4
7
3
6
2
4
9
5
3
7
7
3
4
6
4
6
7
3
5
7
8
9
5
-6
3
4
6
7
4
5
3
8
4
7
3
6
2
4
9
5
3
7
9
8
3
8
4
7
3
6
2
4
9
5
3
7
7
3
4
6
-8
6
7
3
5
7
8
9
7
8
9
5
7
8
9
5
7
3
4
6
7
4
5
3
8
4
7
3
-9
8
9
5
7
3
4
6
7
4
5
3
8
4
7
3
6
2
4
9
7
3
5
7
8
4
5
7
3
4
6
7
4
5
3
8
4
7
3
6
2
4
9
5
3
7
7
3
4
6
3
6
2
-2
9
5
3
7
9
8
6
7
4
5
3
8
4
7
3
6
2
-2
-5
3
6
2
4
9
4
5
3
8
4
7
3
6
2
4
9
5
3
7
9
8
5
3
8
4
7
7
3
4
6
4
6
7
3
5
7
8
9
5
7
3
4
6
7
4
5
3
8
4
7
3
6
2
4
9
7
3
5
-8
8
9
5
7
3
4
6
7
4
5
3
8
4
7
3
6
2
4
9
5
3
7
7
3
4
6
4
6
7
3
5
7
8
9
5
7
3
4
6
7
4
5
3
8
4
7
3
6
2
-2
9
5
3
7
9
8
6
7
4
5
3
8
4
7
3
6
2
-2
5
3
8
4
7
3
6
2
-2
3
5
-8